108
20000.00
20066.67
20133.56
20200.67
20268.00
20335.56
20403.35
20471.36
20539.60
20608.06
20676.76
20745.68
20814.83
20884.21
20953.83
21023.67
21093.75
21164.07
21234.61
21305.39
21376.41
21447.67
21519.16
21590.89
21662.86
21735.07
21807.52
21880.21
21953.14
22026.32
22099.74
22173.41
22247.32
22321.48
22395.88
22470.54
22545.44
22620.59
22695.99
22771.64
22847.55
22923.71
23000.12
23076.79
23153.71
23230.89
23308.33
23386.02
23463.97
23542.19
23620.66
23699.40
23778.39
23857.66
23937.18
24016.97
24097.03
24177.35
24257.94
24338.80
24419.93
24501.33
24583.00
24664.95
24747.16
24829.65
24912.42
24995.46
25078.78
25162.37
25246.25
25330.40
25414.84
25499.55
25584.55
25669.83
25755.40
25841.25
25927.39
26013.81
26100.53
26187.53
26274.82
26362.40
26450.28
26538.44
26626.91
26715.66
26804.71
26894.06
26983.71
27073.66
27163.90
27254.45
27345.30
27436.45
27527.90
27619.66
27711.73
27804.10
27896.78
27989.77
28083.07
28176.68
28270.60
28364.84
28459.39
28554.25
59
20000.00
20050.00
20100.13
20150.38
20200.75
20251.25
20301.88
20352.64
20403.52
20454.53
20505.66
20556.93
20608.32
20659.84
20711.49
20763.27
20815.18
20867.21
20919.38
20971.68
21024.11
21076.67
21129.36
21182.19
21235.14
21288.23
21341.45
21394.80
21448.29
21501.91
21555.67
21609.55
21663.58
21717.74
21772.03
21826.46
21881.03
21935.73
21990.57
22045.55
22100.66
22155.91
22211.30
22266.83
22322.50
22378.30
22434.25
22490.33
22546.56
22602.93
22659.43
22716.08
22772.87
22829.81
22886.88
22944.10
23001.46
23058.96
23116.61
84
20000.00
20050.00
20100.13
20150.38
20200.75
20251.25
20301.88
20352.64
20403.52
20454.53
20505.66
20556.93
20608.32
20659.84
20711.49
20763.27
20815.18
20867.21
20919.38
20971.68
21024.11
21076.67
21129.36
21182.19
21235.14
21288.23
21341.45
21394.80
21448.29
21501.91
21555.67
21609.55
21663.58
21717.74
21772.03
21826.46
21881.03
21935.73
21990.57
22045.55
22100.66
22155.91
22211.30
22266.83
22322.50
22378.30
22434.25
22490.33
22546.56
22602.93
22659.43
22716.08
22772.87
22829.81
22886.88
22944.10
23001.46
23058.96
23116.61
23174.40
23232.34
23290.42
23348.64
23407.01
23465.53
23524.20
23583.01
23641.96
23701.07
23760.32
23819.72
23879.27
23938.97
23998.82
24058.81
24118.96
24179.26
24239.71
24300.31
24361.06
24421.96
24483.01
24544.22
24605.58
24
15000.00
15037.50
15075.09
15112.78
15150.56
15188.44
15226.41
15264.48
15302.64
15340.89
15379.25
15417.70
15456.24
15494.88
15533.62
15572.45
15611.38
15650.41
15689.54
15728.76
15768.08
15807.50
15847.02
15886.64
