1.0
1.3391
1.785
2.2702
2.9245
3.6215
4.3293
5.5716
6.7794
8.305
9.0204
9.756
10.4826
11.4173
12.3608
13.6967
15.138
16.6907
18.7035
21.1635
24.1500
26.6169
29.9274
34.5670
40.5604
45.2311
0
1.0
1.3329
1.6953
2.1839
2.7043
3.2329
4.1606
5.0625
6.2018
6.736
7.2854
7.8279
8.5259
9.2304
10.228
11.304
12.4638
13.9669
15.8039
18.0341
19.8762
22.3484
25.8129
30.2886
33.9876
0
0
1.0
1.2718
1.6384
2.0289
2.4254
3.1214
3.798
4.6527
5.0535
5.4657
5.8727
6.3964
6.925
7.6733
8.4806
9.3507
10.4784
11.8565
13.5297
14.9117
16.7664
19.3656
22.7234
25.4522
0
0
0
1.0
1.2882
1.5952
1.907
2.4542
2.9863
3.6583
3.9734
4.2975
4.6175
5.0292
5.4448
6.0333
6.668
7.3521
8.2388
9.3223
10.6379
11.7245
13.1828
15.2265
17.8665
20.1244
0
0
0
0
1.0
1.2383
1.4804
1.9051
2.3181
2.8398
3.0844
3.336
3.5844
3.904
4.2267
4.6834
5.1761
5.7072
6.3955
7.2366
8.2579
9.1014
10.2334
11.8198
13.8692
15.8322
0
0
0
0
0
1.0
1.1954
1.5385
1.872
2.2933
2.4908
2.694
2.8946
3.1527
3.4132
3.782
4.18
4.6088
5.1646
5.8439
6.6686
7.3497
8.2639
9.5450
11.2000
13.0332
0
0
0
0
0
0
1.0
1.2869
1.5659
1.9183
2.0836
2.2535
2.4213
2.6372
2.8552
3.1637
3.4965
3.8553
4.3202
4.8885
5.5783
6.1481
6.9128
7.9845
9.3688
10.8432
0
0
0
0
0
0
0
1.0
1.2168
1.4906
1.619
1.751
1.8814
2.0492
2.2185
2.4583
2.7169
2.9957
3.3570
3.7985
4.3345
4.7773
5.3715
6.2042
7.2799
8.2341
0
0
0
0
0
0
0
0
1.0
1.225
1.3306
1.439
1.5462
1.6841
1.8233
2.0203
2.2329
2.462
2.7589
3.1217
3.5623
3.9262
4.4145
5.0988
5.9829
6.8452
0
0
0
0
0
0
0
0
0
1.0
1.0861
1.1747
1.2622
1.3747
1.4884
1.6492
1.8227
2.010
2.2521
2.5483
2.9079
3.2049
3.6035
4.1622
4.8839
5.5422
0
0
0
0
0
0
0
0
0
0
1.0
1.0816
1.1621
1.2657
1.3703
1.5184
1.6782
1.8503
2.0735
2.3462
2.6773
2.9508
3.3178
3.8321
4.4965
5.1234
0
0
0
0
0
0
0
0
0
0
0
1.0
1.0745
1.1703
1.267
1.4039
1.5516
1.7108
1.9171
2.1693
2.4754
2.7282
3.0676
3.5431
4.1575
4.9123
0
0
0
0
0
0
0
0
0
0
0
0
1.0
1.0892
1.1792
1.3066
1.4441
1.5922
1.7842
2.0189
2.3038
2.5391
2.8550
3.2976
3.8693
4.6433
0
0
0
0
0
0
0
0
0
0
0
0
0
1.0
1.0826
1.1996
1.3258
1.4619
1.6382
1.8536
2.1152
2.3313
2.6212
3.0276
3.5525
4.0353
0
0
0
0
0
0
0
0
0
0
0
0
0
0
1.0
1.108
1.2246
1.3503
1.5131
1.7121
1.9538
2.1533
2.4212
2.7965
3.2814
3.8533
0
0
0
0
0
0
0
0
0
0
0
0
0
0
0
1.0
1.1052
1.2186
1.3656
1.5452
1.7632
1.9433
2.1850
2.5238
2.9613
3.3453
0
0
0
0
0
0
0
0
0
0
0
0
0
0
0
0
1.0
1.1026
1.2356
1.3981
1.5954
1.7583
1.9770
2.2835
2.6795
3.0755
0
0
0
0
0
0
0
0
0
0
0
0
0
0
0
0
0
1.0
1.1206
1.2680
1.4469
1.5947
1.7931
2.0710
2.4301
2.8534
0
0
0
0
0
0
0
0
0
0
0
0
0
0
0
0
0
0
1.0
1.1315
1.2912
1.4231
1.6001
1.8482
2.1686
2.4533
0
0
0
0
0
0
0
0
0
0
0
0
0
0
0
0
0
0
0
1.0
1.1411
1.2577
1.4141
1.6333
1.9165
2.2843
0
0
0
0
0
0
0
0
0
0
0
0
0
0
0
0
0
0
0
0
1.0
1.1021
1.2392
1.4313
1.679
1.8033
0
0
0
0
0
0
0
0
0
0
0
0
0
0
0
0
0
0
0
0
0
1.0;
1.1244
1.2987
1.5239
1.7234
0
0
0
0
0
0
0
0
0
0
0
0
0
0
0
0
0
0
0
0
0
0
1.0
1.1550
1.355
1.5543
0
0
0
0
0
0
0
0
0
0
0
0
0
0
0
0
0
0
0
0
0
0
0
1.0
1.173
1.352
0
0
0
0
0
0
0
0
0
0
0
0
0
0
0
0
0
0
0
0
0
0
0
0
1.1034
1.0
0
0
0
0
0
0
0
0
0
0
0
0
0
0
0
0
0
0
0
0
0
0
0
0
0
1.0